4294967279,57
4294967279,56
4294967279,55
4294967279,271
4294967279,62
4294967279,61
4294967279,60
4294967279,59
4294967279,58
4294967278,551
4294967279,281
4294967278,272
4294967279,361
4294967278,550
4294967278,271
4294967279,279
4294967279,360
4294967279,359
4294967278,281
4294967279,64
4294967279,63
4294967278,280
4294967279,278
4294967278,549
4294967279,261
4294967279,67
4294967279,66
4294967279,65
4294967278,278
4294967278,548
4294967279,358
4294967279,69
4294967279,68
4294967278,547
4294967278,546
4294967279,357
4294967278,545
4294967279,356
4294967279,72
4294967279,71
4294967279,70
4294967279,254
4294967279,355
4294967279,75
4294967279,74
4294967279,73
4294967278,544
4294967279,253
4294967279,354
4294967278,255
4294967279,353
4294967279,79
4294967279,78
4294967279,77
4294967279,76
4294967278,543
4294967279,352
4294967278,542
4294967279,351
4294967278,252
4294967279,350
4294967279,83
4294967279,82
4294967279,81
4294967279,80
4294967278,251
4294967279,349
4294967278,249
4294967279,348
4294967279,347
4294967278,247
4294967279,247
4294967279,89
4294967279,87
4294967279,86
4294967279,85
4294967279,84
4294967278,245
4294967279,245
4294967279,243
4294967278,241
4294967279,241
4294967279,93
4294967279,92
4294967279,91
4294967279,90
4294967278,239
4294967279,346
4294967279,174
4294967279,239
4294967279,345
4294967279,96
4294967279,95
4294967279,94
4294967278,235
4294967279,235
4294967279,233
4294967279,231
4294967279,100
4294967279,99
4294967279,98
4294967279,97
4294967279,229
4294967278,227
4294967279,227
4294967278,225
4294967279,225
4294967279,219
4294967279,102
4294967279,101
4294967279,223
4294967278,221
4294967279,221
4294967278,219
4294967279,103
4294967278,217
4294967278,541
4294967279,344
4294967278,540
4294967278,539
4294967279,104
4294967278,538
4294967279,343
4294967278,537
4294967279,342
4294967279,106
4294967279,105
4294967278,536
4294967279,341
4294967278,535
4294967279,340
4294967278,534
4294967279,339
4294967278,533
4294967279,338
4294967279,108
4294967279,107
4294967278,532
4294967279,115
4294967279,114
4294967279,113
4294967279,112
4294967279,111
4294967279,110
4294967279,109
4294967278,198
4294967278,6
4294967278,5
4294967278,4
4294967279,132
4294967279,131
4294967279,130
4294967279,129
4294967279,128
4294967279,127
4294967279,126
4294967279,125
4294967279,124
4294967279,123
4294967279,122
4294967279,121
4294967279,120
4294967279,119
4294967279,118
4294967279,117
4294967279,116
4294967278,194
4294967294,903
4294967294,901
4294967278,36
4294967278,35
4294967278,34
4294967278,33
4294967278,32
4294967278,31
4294967278,30
4294967278,29
4294967278,28
4294967278,27
4294967278,26
4294967278,137
4294967278,25
4294967278,24
4294967278,23
4294967278,22
4294967278,21
4294967278,275
4294967278,20
4294967278,19
4294967278,18
4294967278,17
4294967278,16
4294967278,15
4294967278,14
4294967278,13
4294967278,12
4294967278,11
4294967278,10
4294967278,9
4294967278,8
4294967278,7
4294967279,22
4294967279,272
4294967279,20
4294967279,18
4294967279,17
4294967279,15
4294967279,14
4294967279,266
4294967279,12
4294967294,12
4294967294,104
4294967294,106
4294967294,166
4294967294,24
4294967294,175
4294967294,183
4294967294,176
4294967278,531
4294967279,337
4294967278,190
4294967278,530
4294967278,188
4294967278,529
4294967279,336
4294967278,528
4294967278,186
4294967278,185
22,4
22,3
22,2
22,1
4294967279,335
4294967278,184
4294967278,183
4294967278,181
4294967279,334
4294967278,527
4294967278,179
4294967278,178
21,4
21,3
21,2
21,1
4294967279,333
4294967278,177
4294967278,176
4294967278,175
20,4
4294967278,173
20,3
20,2
20,1
4294967278,526
4294967278,172
4294967279,332
4294967278,525
4294967278,524
4294967279,331
4294967278,169
4294967278,523
4294967279,330
4294967278,168
4294967294,474
4294967278,167
4294967278,522
4294967278,166
4294967278,164
4294967278,160
19,8
4294967278,163
19,7
19,6
4294967278,162
19,5
19,4
4294967278,161
19,3
19,2
19,1
4294967278,159
4294967278,158
18,6
18,5
4294967278,157
18,4
18,3
18,2
18,1
4294967278,156
4294967294,409
4294967294,395
4294967294,414
4294967294,419
4294967294,952
4294967294,179
4294967294,178
4294967294,385
4294967294,422
4294967294,411
4294967294,916
4294967294,415
4294967294,168
4294967294,420
4294967294,406
4294967294,413
4294967294,116
4294967278,155
4294967278,521
4294967294,388
4294967294,426
4294967278,153
4294967278,520
4294967279,329
4294967278,519
4294967278,151
4294967278,518
4294967279,328
4294967278,517
4294967279,327
4294967278,516
4294967294,89
4294967279,326
17,7
17,6
17,5
17,4
17,3
17,2
17,1
4294967278,515
4294967279,325
4294967279,324
4294967278,514
4294967294,107
4294967294,392
4294967294,390
4294967294,114
4294967279,323
4294967278,513
4294967279,280
4294967294,907
4294967278,512
4294967279,269
4294967294,38
4294967294,37
4294967294,41
4294967294,40
4294967294,44
4294967294,43
4294967294,51
4294967294,92
4294967294,90
4294967294,88
4294967294,86
